WNP__x_0tsn_pu_80cm___49__9.0,0.29,0.0,0.45,1.496171875,WNP
